date,hourlyid,market,tradedate,hour,price,volume,date,year,month,day,day_of_week,month_no,hour_ref
2021-04-01,72363,1,2021-04-01,10,58.96,149.5,2021-04-01,2021,4,1,3,2021.04,weekday_10
2021-04-01,72372,1,2021-04-01,19,131.64,60.0,2021-04-01,2021,4,1,3,2021.04,weekday_19
2021-04-02,72382,1,2021-04-02,5,29.95,290.0,2021-04-02,2021,4,2,4,2021.04,weekday_5
2021-04-02,72393,1,2021-04-02,16,35.01,221.0,2021-04-02,2021,4,2,4,2021.04,weekday_16
2021-04-03,72403,1,2021-04-03,2,29.99,219.0,2021-04-03,2021,4,3,5,2021.04,weekend_2
2021-04-03,72415,1,2021-04-03,14,34.9,236.0,2021-04-03,2021,4,3,5,2021.04,weekend_14
2021-04-04,72426,1,2021-04-04,1,35.01,215.0,2021-04-04,2021,4,4,6,2021.04,weekend_1
2021-04-04,72436,1,2021-04-04,11,29.93,320.0,2021-04-04,2021,4,4,6,2021.04,weekend_11
2021-04-04,72445,1,2021-04-04,20,35.07,119.0,2021-04-04,2021,4,4,6,2021.04,weekend_20
2021-04-05,72453,1,2021-04-05,4,36.02,35.0,2021-04-05,2021,4,5,0,2021.04,weekday_4
2021-04-05,72462,1,2021-04-05,13,36.07,23.0,2021-04-05,2021,4,5,0,2021.04,weekday_13
2021-04-05,72472,1,2021-04-05,23,36.03,27.0,2021-04-05,2021,4,5,0,2021.04,weekday_23
2021-04-06,72483,1,2021-04-06,10,58.97,120.0,2021-04-06,2021,4,6,1,2021.04,weekday_10
2021-04-06,72493,1,2021-04-06,20,299.88,5.0,2021-04-06,2021,4,6,1,2021.04,weekday_20
2021-04-07,72502,1,2021-04-07,5,36.96,148.0,2021-04-07,2021,4,7,2,2021.04,weekday_5
2021-04-07,72512,1,2021-04-07,15,58.93,213.0,2021-04-07,2021,4,7,2,2021.04,weekday_15
2021-04-08,72522,1,2021-04-08,1,36.98,57.0,2021-04-08,2021,4,8,3,2021.04,weekday_1
2021-04-08,72532,1,2021-04-08,11,58.98,100.0,2021-04-08,2021,4,8,3,2021.04,weekday_11
2021-04-08,72543,1,2021-04-08,22,45.03,27.0,2021-04-08,2021,4,8,3,2021.04,weekday_22
2021-04-09,72552,1,2021-04-09,7,137.97,62.0,2021-04-09,2021,4,9,4,2021.04,weekday_7
2021-04-09,72562,1,2021-04-09,17,59.97,162.0,2021-04-09,2021,4,9,4,2021.04,weekday_17
2021-04-10,72572,1,2021-04-10,3,39.97,117.1,2021-04-10,2021,4,10,5,2021.04,weekend_3
2021-04-10,72582,1,2021-04-10,13,39.98,92.0,2021-04-10,2021,4,10,5,2021.04,weekend_13
2021-04-11,72593,1,2021-04-11,0,40.08,96.2,2021-04-11,2021,4,11,6,2021.04,weekend_0
2021-04-11,72602,1,2021-04-11,9,40.06,172.0,2021-04-11,2021,4,11,6,2021.04,weekend_9
2021-04-11,72613,1,2021-04-11,20,40.1,38.0,2021-04-11,2021,4,11,6,2021.04,weekend_20
2021-04-12,72623,1,2021-04-12,6,44.99,142.1,2021-04-12,2021,4,12,0,2021.04,weekday_6
2021-04-12,72633,1,2021-04-12,16,64.99,134.6,2021-04-12,2021,4,12,0,2021.04,weekday_16
2021-04-13,72643,1,2021-04-13,2,39.99,142.2,2021-04-13,2021,4,13,1,2021.04,weekday_2
2021-04-13,72653,1,2021-04-13,12,65.0,121.8,2021-04-13,2021,4,13,1,2021.04,weekday_12
2021-04-13,72662,1,2021-04-13,21,124.02,91.0,2021-04-13,2021,4,13,1,2021.04,weekday_21
2021-04-14,72673,1,2021-04-14,8,201.06,61.0,2021-04-14,2021,4,14,2,2021.04,weekday_8
2021-04-14,72682,1,2021-04-14,17,64.98,142.3,2021-04-14,2021,4,14,2,2021.04,weekday_17
2021-04-15,72693,1,2021-04-15,4,40.09,102.0,2021-04-15,2021,4,15,3,2021.04,weekday_4
2021-04-15,72702,1,2021-04-15,13,65.0,100.8,2021-04-15,2021,4,15,3,2021.04,weekday_13
2021-04-16,72713,1,2021-04-16,0,45.0,86.4,2021-04-16,2021,4,16,4,2021.04,weekday_0
2021-04-16,72722,1,2021-04-16,9,201.09,84.0,2021-04-16,2021,4,16,4,2021.04,weekday_9
2021-04-16,72733,1,2021-04-16,20,142.38,60.0,2021-04-16,2021,4,16,4,2021.04,weekday_20
2021-04-17,72742,1,2021-04-17,5,39.96,167.1,2021-04-17,2021,4,17,5,2021.04,weekend_5
2021-04-17,72752,1,2021-04-17,15,39.95,131.0,2021-04-17,2021,4,17,5,2021.04,weekend_15
2021-04-18,72763,1,2021-04-18,2,34.62,173.0,2021-04-18,2021,4,18,6,2021.04,weekend_2
2021-04-18,72772,1,2021-04-18,11,40.0,164.0,2021-04-18,2021,4,18,6,2021.04,weekend_11
2021-04-18,72782,1,2021-04-18,21,40.07,117.2,2021-04-18,2021,4,18,6,2021.04,weekend_21
2021-04-19,72793,1,2021-04-19,8,201.04,62.8,2021-04-19,2021,4,19,0,2021.04,weekday_8
2021-04-19,72803,1,2021-04-19,18,299.33,40.0,2021-04-19,2021,4,19,0,2021.04,weekday_18
2021-04-20,72813,1,2021-04-20,4,39.98,120.7,2021-04-20,2021,4,20,1,2021.04,weekday_4
2021-04-20,72823,1,2021-04-20,14,68.04,101.0,2021-04-20,2021,4,20,1,2021.04,weekday_14
2021-04-20,72832,1,2021-04-20,23,45.05,99.0,2021-04-20,2021,4,20,1,2021.04,weekday_23
2021-04-21,72843,1,2021-04-21,10,68.05,101.0,2021-04-21,2021,4,21,2,2021.04,weekday_10
2021-04-21,72852,1,2021-04-21,19,299.1,54.1,2021-04-21,2021,4,21,2,2021.04,weekday_19
2021-04-22,72863,1,2021-04-22,6,45.07,149.0,2021-04-22,2021,4,22,3,2021.04,weekday_6
2021-04-22,72873,1,2021-04-22,16,68.04,101.0,2021-04-22,2021,4,22,3,2021.04,weekday_16
2021-04-23,72882,1,2021-04-23,1,39.96,88.7,2021-04-23,2021,4,23,4,2021.04,weekday_1
2021-04-23,72893,1,2021-04-23,12,70.05,99.0,2021-04-23,2021,4,23,4,2021.04,weekday_12
2021-04-23,72902,1,2021-04-23,21,96.73,85.0,2021-04-23,2021,4,23,4,2021.04,weekday_21
2021-04-24,72912,1,2021-04-24,7,49.23,134.0,2021-04-24,2021,4,24,5,2021.04,weekend_7
2021-04-24,72923,1,2021-04-24,18,299.77,14.0,2021-04-24,2021,4,24,5,2021.04,weekend_18
2021-04-25,72933,1,2021-04-25,4,27.06,110.0,2021-04-25,2021,4,25,6,2021.04,weekend_4
2021-04-25,72943,1,2021-04-25,14,34.83,180.0,2021-04-25,2021,4,25,6,2021.04,weekend_14
2021-04-25,72952,1,2021-04-25,23,27.1,165.0,2021-04-25,2021,4,25,6,2021.04,weekend_23
2021-04-26,72963,1,2021-04-26,10,79.93,156.1,2021-04-26,2021,4,26,0,2021.04,weekday_10
2021-04-26,72973,1,2021-04-26,20,266.67,55.0,2021-04-26,2021,4,26,0,2021.04,weekday_20
2021-04-27,72983,1,2021-04-27,5,39.99,126.2,2021-04-27,2021,4,27,1,2021.04,weekday_5
2021-04-27,72992,1,2021-04-27,15,70.02,80.0,2021-04-27,2021,4,27,1,2021.04,weekday_15
2021-04-28,73003,1,2021-04-28,2,39.9,141.0,2021-04-28,2021,4,28,2,2021.04,weekday_2
2021-04-28,73012,1,2021-04-28,11,70.02,70.0,2021-04-28,2021,4,28,2,2021.04,weekday_11
2021-04-28,73023,1,2021-04-28,22,45.04,104.6,2021-04-28,2021,4,28,2,2021.04,weekday_22
2021-04-29,73032,1,2021-04-29,7,130.03,71.0,2021-04-29,2021,4,29,3,2021.04,weekday_7
2021-04-29,73043,1,2021-04-29,18,296.82,60.0,2021-04-29,2021,4,29,3,2021.04,weekday_18
2021-04-30,73053,1,2021-04-30,4,38.98,117.0,2021-04-30,2021,4,30,4,2021.04,weekday_4
2021-04-30,73063,1,2021-04-30,14,67.98,109.2,2021-04-30,2021,4,30,4,2021.04,weekday_14
2021-04-30,73072,1,2021-04-30,23,44.05,59.5,2021-04-30,2021,4,30,4,2021.04,weekday_23
2021-04-01,72361,1,2021-04-01,8,76.97,63.0,2021-04-01,2021,4,1,3,2021.04,weekday_8
2021-04-01,72370,1,2021-04-01,17,58.95,191.5,2021-04-01,2021,4,1,3,2021.04,weekday_17
2021-04-02,72381,1,2021-04-02,4,29.96,257.0,2021-04-02,2021,4,2,4,2021.04,weekday_4
2021-04-02,72390,1,2021-04-02,13,35.02,210.0,2021-04-02,2021,4,2,4,2021.04,weekday_13
2021-04-02,72399,1,2021-04-02,22,35.05,154.0,2021-04-02,2021,4,2,4,2021.04,weekday_22
2021-04-03,72411,1,2021-04-03,10,54.9,276.0,2021-04-03,2021,4,3,5,2021.04,weekend_10
2021-04-03,72420,1,2021-04-03,19,59.98,125.3,2021-04-03,2021,4,3,5,2021.04,weekend_19
2021-04-04,72430,1,2021-04-04,5,29.93,298.0,2021-04-04,2021,4,4,6,2021.04,weekend_5
2021-04-04,72441,1,2021-04-04,16,29.93,280.0,2021-04-04,2021,4,4,6,2021.04,weekend_16
2021-04-04,72448,1,2021-04-04,23,29.99,245.0,2021-04-04,2021,4,4,6,2021.04,weekend_23
2021-04-05,72459,1,2021-04-05,10,45.02,24.0,2021-04-05,2021,4,5,0,2021.04,weekday_10
2021-04-05,72470,1,2021-04-05,21,54.32,24.0,2021-04-05,2021,4,5,0,2021.04,weekday_21
2021-04-06,72481,1,2021-04-06,8,200.45,55.0,2021-04-06,2021,4,6,1,2021.04,weekday_8
2021-04-06,72490,1,2021-04-06,17,58.96,161.0,2021-04-06,2021,4,6,1,2021.04,weekday_17
2021-04-07,72500,1,2021-04-07,3,36.95,112.0,2021-04-07,2021,4,7,2,2021.04,weekday_3
2021-04-07,72510,1,2021-04-07,13,58.92,224.0,2021-04-07,2021,4,7,2,2021.04,weekday_13
2021-04-07,72520,1,2021-04-07,23,36.97,99.0,2021-04-07,2021,4,7,2,2021.04,weekday_23
2021-04-08,72528,1,2021-04-08,7,138.5,66.0,2021-04-08,2021,4,8,3,2021.04,weekday_7
2021-04-08,72539,1,2021-04-08,18,299.92,5.0,2021-04-08,2021,4,8,3,2021.04,weekday_18
2021-04-09,72549,1,2021-04-09,4,40.02,22.0,2021-04-09,2021,4,9,4,2021.04,weekday_4
2021-04-09,72561,1,2021-04-09,16,59.97,134.0,2021-04-09,2021,4,9,4,2021.04,weekday_16
2021-04-10,72569,1,2021-04-10,0,39.98,82.1,2021-04-10,2021,4,10,5,2021.04,weekend_0
2021-04-10,72579,1,2021-04-10,10,59.97,159.0,2021-04-10,2021,4,10,5,2021.04,weekend_10
2021-04-10,72585,1,2021-04-10,16,39.98,110.0,2021-04-10,2021,4,10,5,2021.04,weekend_16
2021-04-11,72596,1,2021-04-11,3,40.07,133.2,2021-04-11,2021,4,11,6,2021.04,weekend_3
2021-04-11,72606,1,2021-04-11,13,40.06,164.0,2021-04-11,2021,4,11,6,2021.04,weekend_13
2021-04-12,72618,1,2021-04-12,1,39.97,150.1,2021-04-12,2021,4,12,0,2021.04,weekday_1
2021-04-12,72626,1,2021-04-12,9,204.92,6.9,2021-04-12,2021,4,12,0,2021.04,weekday_9
2021-04-12,72634,1,2021-04-12,17,64.98,177.8,2021-04-12,2021,4,12,0,2021.04,weekday_17
2021-04-13,72645,1,2021-04-13,4,40.08,119.0,2021-04-13,2021,4,13,1,2021.04,weekday_4
2021-04-13,72657,1,2021-04-13,16,64.99,132.6,2021-04-13,2021,4,13,1,2021.04,weekday_16
2021-04-14,72669,1,2021-04-14,4,40.08,101.0,2021-04-14,2021,4,14,2,2021.04,weekday_4
2021-04-14,72680,1,2021-04-14,15,64.99,113.9,2021-04-14,2021,4,14,2,2021.04,weekday_15
2021-04-15,72689,1,2021-04-15,0,45.01,85.9,2021-04-15,2021,4,15,3,2021.04,weekday_0
2021-04-15,72699,1,2021-04-15,10,65.0,100.8,2021-04-15,2021,4,15,3,2021.04,weekday_10
2021-04-15,72709,1,2021-04-15,20,271.0,42.0,2021-04-15,2021,4,15,3,2021.04,weekday_20
2021-04-16,72719,1,2021-04-16,6,45.04,149.0,2021-04-16,2021,4,16,4,2021.04,weekday_6
2021-04-16,72728,1,2021-04-16,15,64.99,116.9,2021-04-16,2021,4,16,4,2021.04,weekday_15
2021-04-17,72738,1,2021-04-17,1,39.95,149.1,2021-04-17,2021,4,17,5,2021.04,weekend_1
2021-04-17,72748,1,2021-04-17,11,59.93,179.0,2021-04-17,2021,4,17,5,2021.04,weekend_11
2021-04-17,72758,1,2021-04-17,21,39.96,107.1,2021-04-17,2021,4,17,5,2021.04,weekend_21
2021-04-18,72768,1,2021-04-18,7,37.33,221.0,2021-04-18,2021,4,18,6,2021.04,weekend_7
2021-04-18,72778,1,2021-04-18,17,40.06,148.0,2021-04-18,2021,4,18,6,2021.04,weekend_17
2021-04-19,72788,1,2021-04-19,3,39.96,105.0,2021-04-19,2021,4,19,0,2021.04,weekday_3
2021-04-19,72799,1,2021-04-19,14,64.97,135.1,2021-04-19,2021,4,19,0,2021.04,weekday_14
2021-04-20,72809,1,2021-04-20,0,45.05,103.0,2021-04-20,2021,4,20,1,2021.04,weekday_0
2021-04-20,72821,1,2021-04-20,12,68.04,101.0,2021-04-20,2021,4,20,1,2021.04,weekday_12
2021-04-20,72830,1,2021-04-20,21,97.02,86.0,2021-04-20,2021,4,20,1,2021.04,weekday_21
2021-04-21,72839,1,2021-04-21,6,45.07,154.0,2021-04-21,2021,4,21,2,2021.04,weekday_6
2021-04-21,72847,1,2021-04-21,14,68.04,101.0,2021-04-21,2021,4,21,2,2021.04,weekday_14
2021-04-22,72857,1,2021-04-22,0,45.05,103.0,2021-04-22,2021,4,22,3,2021.04,weekday_0
2021-04-22,72867,1,2021-04-22,10,68.05,101.0,2021-04-22,2021,4,22,3,2021.04,weekday_10
2021-04-22,72876,1,2021-04-22,19,299.1,54.1,2021-04-22,2021,4,22,3,2021.04,weekday_19
2021-04-23,72888,1,2021-04-23,7,134.05,84.0,2021-04-23,2021,4,23,4,2021.04,weekday_7
2021-04-23,72896,1,2021-04-23,15,70.05,99.0,2021-04-23,2021,4,23,4,2021.04,weekday_15
2021-04-24,72908,1,2021-04-24,3,27.09,152.0,2021-04-24,2021,4,24,5,2021.04,weekend_3
2021-04-24,72914,1,2021-04-24,9,59.91,84.0,2021-04-24,2021,4,24,5,2021.04,weekend_9
2021-04-24,72926,1,2021-04-24,21,39.94,107.1,2021-04-24,2021,4,24,5,2021.04,weekend_21
2021-04-25,72939,1,2021-04-25,10,40.02,161.0,2021-04-25,2021,4,25,6,2021.04,weekend_10
2021-04-25,72951,1,2021-04-25,22,40.08,123.2,2021-04-25,2021,4,25,6,2021.04,weekend_22
2021-04-26,72961,1,2021-04-26,8,201.04,61.3,2021-04-26,2021,4,26,0,2021.04,weekday_8
2021-04-26,72971,1,2021-04-26,18,299.33,40.0,2021-04-26,2021,4,26,0,2021.04,weekday_18
2021-04-27,72981,1,2021-04-27,4,39.97,105.2,2021-04-27,2021,4,27,1,2021.04,weekday_4
2021-04-27,72989,1,2021-04-27,12,70.02,80.0,2021-04-27,2021,4,27,1,2021.04,weekday_12
2021-04-27,73000,1,2021-04-27,23,44.97,90.0,2021-04-27,2021,4,27,1,2021.04,weekday_23
2021-04-28,73011,1,2021-04-28,10,70.01,69.0,2021-04-28,2021,4,28,2,2021.04,weekday_10
2021-04-28,73021,1,2021-04-28,20,267.0,54.0,2021-04-28,2021,4,28,2,2021.04,weekday_20
2021-04-29,73026,1,2021-04-29,2,39.79,120.0,2021-04-29,2021,4,29,3,2021.04,weekday_2
2021-04-29,73036,1,2021-04-29,11,68.06,72.0,2021-04-29,2021,4,29,3,2021.04,weekday_11
2021-04-29,73048,1,2021-04-29,23,44.17,94.1,2021-04-29,2021,4,29,3,2021.04,weekday_23
2021-04-30,73058,1,2021-04-30,9,175.02,72.0,2021-04-30,2021,4,30,4,2021.04,weekday_9
2021-04-30,73067,1,2021-04-30,18,295.98,60.0,2021-04-30,2021,4,30,4,2021.04,weekday_18
2021-04-01,72355,1,2021-04-01,2,36.96,111.0,2021-04-01,2021,4,1,3,2021.04,weekday_2
2021-04-01,72366,1,2021-04-01,13,58.97,138.5,2021-04-01,2021,4,1,3,2021.04,weekday_13
2021-04-01,72374,1,2021-04-01,21,86.47,59.0,2021-04-01,2021,4,1,3,2021.04,weekday_21
2021-04-02,72385,1,2021-04-02,8,35.01,251.0,2021-04-02,2021,4,2,4,2021.04,weekday_8
2021-04-02,72395,1,2021-04-02,18,35.05,173.0,2021-04-02,2021,4,2,4,2021.04,weekday_18
2021-04-03,72406,1,2021-04-03,5,29.96,268.0,2021-04-03,2021,4,3,5,2021.04,weekend_5
2021-04-03,72414,1,2021-04-03,13,34.91,229.0,2021-04-03,2021,4,3,5,2021.04,weekend_13
2021-04-03,72423,1,2021-04-03,22,34.96,133.0,2021-04-03,2021,4,3,5,2021.04,weekend_22
2021-04-04,72432,1,2021-04-04,7,29.91,377.0,2021-04-04,2021,4,4,6,2021.04,weekend_7
2021-04-04,72446,1,2021-04-04,21,35.05,151.0,2021-04-04,2021,4,4,6,2021.04,weekend_21
2021-04-05,72454,1,2021-04-05,5,36.02,35.0,2021-04-05,2021,4,5,0,2021.04,weekday_5
2021-04-05,72465,1,2021-04-05,16,36.07,23.0,2021-04-05,2021,4,5,0,2021.04,weekday_16
2021-04-06,72475,1,2021-04-06,2,36.94,137.0,2021-04-06,2021,4,6,1,2021.04,weekday_2
2021-04-06,72485,1,2021-04-06,12,58.97,121.0,2021-04-06,2021,4,6,1,2021.04,weekday_12
2021-04-06,72495,1,2021-04-06,22,40.06,27.0,2021-04-06,2021,4,6,1,2021.04,weekday_22
2021-04-07,72507,1,2021-04-07,10,58.92,222.0,2021-04-07,2021,4,7,2,2021.04,weekday_10
2021-04-07,72516,1,2021-04-07,19,299.92,5.0,2021-04-07,2021,4,7,2,2021.04,weekday_19
2021-04-08,72527,1,2021-04-08,6,44.98,93.1,2021-04-08,2021,4,8,3,2021.04,weekday_6
2021-04-08,72534,1,2021-04-08,13,58.98,100.0,2021-04-08,2021,4,8,3,2021.04,weekday_13
2021-04-08,72544,1,2021-04-08,23,37.0,36.0,2021-04-08,2021,4,8,3,2021.04,weekday_23
2021-04-09,72555,1,2021-04-09,10,59.97,119.0,2021-04-09,2021,4,9,4,2021.04,weekday_10
2021-04-09,72567,1,2021-04-09,22,39.6,32.0,2021-04-09,2021,4,9,4,2021.04,weekday_22
2021-04-10,72578,1,2021-04-10,9,60.0,68.0,2021-04-10,2021,4,10,5,2021.04,weekend_9
2021-04-10,72591,1,2021-04-10,22,39.99,54.2,2021-04-10,2021,4,10,5,2021.04,weekend_22
2021-04-11,72600,1,2021-04-11,7,40.05,218.0,2021-04-11,2021,4,11,6,2021.04,weekend_7
2021-04-11,72611,1,2021-04-11,18,40.09,67.0,2021-04-11,2021,4,11,6,2021.04,weekend_18
2021-04-12,72619,1,2021-04-12,2,39.97,158.1,2021-04-12,2021,4,12,0,2021.04,weekday_2
2021-04-12,72629,1,2021-04-12,12,64.99,131.8,2021-04-12,2021,4,12,0,2021.04,weekday_12
2021-04-12,72636,1,2021-04-12,19,299.92,5.0,2021-04-12,2021,4,12,0,2021.04,weekday_19
2021-04-13,72644,1,2021-04-13,3,39.99,148.2,2021-04-13,2021,4,13,1,2021.04,weekday_3
2021-04-13,72654,1,2021-04-13,13,65.0,120.8,2021-04-13,2021,4,13,1,2021.04,weekday_13
2021-04-13,72664,1,2021-04-13,23,40.0,101.2,2021-04-13,2021,4,13,1,2021.04,weekday_23
2021-04-14,72677,1,2021-04-14,12,64.99,113.8,2021-04-14,2021,4,14,2,2021.04,weekday_12
2021-04-14,72687,1,2021-04-14,22,48.34,147.0,2021-04-14,2021,4,14,2,2021.04,weekday_22
2021-04-15,72697,1,2021-04-15,8,201.06,61.1,2021-04-15,2021,4,15,3,2021.04,weekday_8
2021-04-15,72707,1,2021-04-15,18,299.08,55.4,2021-04-15,2021,4,15,3,2021.04,weekday_18
2021-04-16,72717,1,2021-04-16,4,39.99,113.0,2021-04-16,2021,4,16,4,2021.04,weekday_4
2021-04-16,72727,1,2021-04-16,14,64.99,116.1,2021-04-16,2021,4,16,4,2021.04,weekday_14
2021-04-17,72737,1,2021-04-17,0,39.98,134.1,2021-04-17,2021,4,17,5,2021.04,weekend_0
2021-04-17,72747,1,2021-04-17,10,59.93,180.0,2021-04-17,2021,4,17,5,2021.04,weekend_10
2021-04-17,72757,1,2021-04-17,20,39.98,73.0,2021-04-17,2021,4,17,5,2021.04,weekend_20
2021-04-18,72767,1,2021-04-18,6,27.08,198.0,2021-04-18,2021,4,18,6,2021.04,weekend_6
2021-04-18,72777,1,2021-04-18,16,40.03,157.0,2021-04-18,2021,4,18,6,2021.04,weekend_16
2021-04-19,72787,1,2021-04-19,2,39.96,104.7,2021-04-19,2021,4,19,0,2021.04,weekday_2
2021-04-19,72797,1,2021-04-19,12,64.97,140.8,2021-04-19,2021,4,19,0,2021.04,weekday_12
2021-04-19,72807,1,2021-04-19,22,50.92,99.6,2021-04-19,2021,4,19,0,2021.04,weekday_22
2021-04-20,72816,1,2021-04-20,7,134.06,99.0,2021-04-20,2021,4,20,1,2021.04,weekday_7
2021-04-20,72829,1,2021-04-20,20,142.02,60.0,2021-04-20,2021,4,20,1,2021.04,weekday_20
2021-04-21,72838,1,2021-04-21,5,39.99,141.6,2021-04-21,2021,4,21,2,2021.04,weekday_5
2021-04-21,72846,1,2021-04-21,13,68.04,101.0,2021-04-21,2021,4,21,2,2021.04,weekday_13
2021-04-21,72854,1,2021-04-21,21,97.02,86.0,2021-04-21,2021,4,21,2,2021.04,weekday_21
2021-04-22,72864,1,2021-04-22,7,134.05,86.0,2021-04-22,2021,4,22,3,2021.04,weekday_7
2021-04-22,72874,1,2021-04-22,17,68.03,101.0,2021-04-22,2021,4,22,3,2021.04,weekday_17
2021-04-23,72886,1,2021-04-23,5,39.99,124.9,2021-04-23,2021,4,23,4,2021.04,weekday_5
2021-04-23,72894,1,2021-04-23,13,70.05,99.0,2021-04-23,2021,4,23,4,2021.04,weekday_13
2021-04-23,72904,1,2021-04-23,23,45.05,86.0,2021-04-23,2021,4,23,4,2021.04,weekday_23
2021-04-24,72915,1,2021-04-24,10,59.91,80.0,2021-04-24,2021,4,24,5,2021.04,weekend_10
2021-04-24,72925,1,2021-04-24,20,39.96,73.0,2021-04-24,2021,4,24,5,2021.04,weekend_20
2021-04-25,72936,1,2021-04-25,7,27.09,193.0,2021-04-25,2021,4,25,6,2021.04,weekend_7
2021-04-25,72946,1,2021-04-25,17,40.03,148.0,2021-04-25,2021,4,25,6,2021.04,weekend_17
2021-04-26,72957,1,2021-04-26,4,39.96,89.3,2021-04-26,2021,4,26,0,2021.04,weekday_4
2021-04-26,72968,1,2021-04-26,15,70.05,98.0,2021-04-26,2021,4,26,0,2021.04,weekday_15
2021-04-27,72977,1,2021-04-27,0,44.96,92.0,2021-04-27,2021,4,27,1,2021.04,weekday_0
2021-04-27,72987,1,2021-04-27,10,70.02,80.0,2021-04-27,2021,4,27,1,2021.04,weekday_10
2021-04-27,72994,1,2021-04-27,17,70.01,80.0,2021-04-27,2021,4,27,1,2021.04,weekday_17
2021-04-28,73005,1,2021-04-28,4,39.98,132.1,2021-04-28,2021,4,28,2,2021.04,weekday_4
2021-04-28,73016,1,2021-04-28,15,70.02,69.0,2021-04-28,2021,4,28,2,2021.04,weekday_15
2021-04-29,73030,1,2021-04-29,5,44.17,86.0,2021-04-29,2021,4,29,3,2021.04,weekday_5
2021-04-29,73040,1,2021-04-29,15,68.06,71.0,2021-04-29,2021,4,29,3,2021.04,weekday_15
2021-04-30,73050,1,2021-04-30,1,38.98,113.0,2021-04-30,2021,4,30,4,2021.04,weekday_1
2021-04-30,73060,1,2021-04-30,11,67.99,88.2,2021-04-30,2021,4,30,4,2021.04,weekday_11
2021-04-30,73069,1,2021-04-30,20,262.98,60.0,2021-04-30,2021,4,30,4,2021.04,weekday_20
2021-04-01,72358,1,2021-04-01,5,36.97,134.0,2021-04-01,2021,4,1,3,2021.04,weekday_5
2021-04-01,72367,1,2021-04-01,14,58.97,137.5,2021-04-01,2021,4,1,3,2021.04,weekday_14
2021-04-02,72377,1,2021-04-02,0,35.02,191.0,2021-04-02,2021,4,2,4,2021.04,weekday_0
2021-04-02,72387,1,2021-04-02,10,35.03,192.0,2021-04-02,2021,4,2,4,2021.04,weekday_10
2021-04-02,72398,1,2021-04-02,21,35.08,94.0,2021-04-02,2021,4,2,4,2021.04,weekday_21
2021-04-03,72407,1,2021-04-03,6,27.75,314.0,2021-04-03,2021,4,3,5,2021.04,weekend_6
2021-04-03,72417,1,2021-04-03,16,31.73,242.0,2021-04-03,2021,4,3,5,2021.04,weekend_16
2021-04-04,72428,1,2021-04-04,3,29.96,255.0,2021-04-04,2021,4,4,6,2021.04,weekend_3
2021-04-04,72438,1,2021-04-04,13,25.59,316.0,2021-04-04,2021,4,4,6,2021.04,weekend_13
2021-04-05,72451,1,2021-04-05,2,36.02,35.0,2021-04-05,2021,4,5,0,2021.04,weekday_2
2021-04-05,72460,1,2021-04-05,11,45.02,24.0,2021-04-05,2021,4,5,0,2021.04,weekday_11
2021-04-05,72471,1,2021-04-05,22,36.04,27.0,2021-04-05,2021,4,5,0,2021.04,weekday_22
2021-04-06,72480,1,2021-04-06,7,76.96,63.0,2021-04-06,2021,4,6,1,2021.04,weekday_7
2021-04-06,72489,1,2021-04-06,16,58.97,130.0,2021-04-06,2021,4,6,1,2021.04,weekday_16
2021-04-07,72498,1,2021-04-07,1,36.96,92.0,2021-04-07,2021,4,7,2,2021.04,weekday_1
2021-04-07,72506,1,2021-04-07,9,115.05,63.0,2021-04-07,2021,4,7,2,2021.04,weekday_9
2021-04-07,72519,1,2021-04-07,22,45.05,87.0,2021-04-07,2021,4,7,2,2021.04,weekday_22
2021-04-08,72531,1,2021-04-08,10,58.98,100.0,2021-04-08,2021,4,8,3,2021.04,weekday_10
2021-04-08,72541,1,2021-04-08,20,282.5,5.0,2021-04-08,2021,4,8,3,2021.04,weekday_20
2021-04-09,72550,1,2021-04-09,5,37.98,114.4,2021-04-09,2021,4,9,4,2021.04,weekday_5
2021-04-09,72559,1,2021-04-09,14,59.98,116.0,2021-04-09,2021,4,9,4,2021.04,weekday_14
2021-04-09,72565,1,2021-04-09,20,282.5,5.0,2021-04-09,2021,4,9,4,2021.04,weekday_20
2021-04-10,72576,1,2021-04-10,7,59.98,132.0,2021-04-10,2021,4,10,5,2021.04,weekend_7
2021-04-10,72589,1,2021-04-10,20,40.0,26.0,2021-04-10,2021,4,10,5,2021.04,weekend_20
2021-04-11,72598,1,2021-04-11,5,40.06,169.2,2021-04-11,2021,4,11,6,2021.04,weekend_5
2021-04-11,72605,1,2021-04-11,12,40.06,162.0,2021-04-11,2021,4,11,6,2021.04,weekend_12
2021-04-11,72615,1,2021-04-11,22,40.09,73.2,2021-04-11,2021,4,11,6,2021.04,weekend_22
2021-04-12,72627,1,2021-04-12,10,64.99,128.8,2021-04-12,2021,4,12,0,2021.04,weekday_10
2021-04-12,72638,1,2021-04-12,21,89.09,88.0,2021-04-12,2021,4,12,0,2021.04,weekday_21
2021-04-13,72649,1,2021-04-13,8,201.05,66.5,2021-04-13,2021,4,13,1,2021.04,weekday_8
2021-04-13,72659,1,2021-04-13,18,299.12,53.0,2021-04-13,2021,4,13,1,2021.04,weekday_18
2021-04-14,72668,1,2021-04-14,3,39.98,135.0,2021-04-14,2021,4,14,2,2021.04,weekday_3
2021-04-14,72678,1,2021-04-14,13,64.99,113.8,2021-04-14,2021,4,14,2,2021.04,weekday_13
2021-04-14,72688,1,2021-04-14,23,45.03,135.0,2021-04-14,2021,4,14,2,2021.04,weekday_23
2021-04-15,72698,1,2021-04-15,9,204.06,78.0,2021-04-15,2021,4,15,3,2021.04,weekday_9
2021-04-15,72708,1,2021-04-15,19,299.1,54.1,2021-04-15,2021,4,15,3,2021.04,weekday_19
2021-04-16,72718,1,2021-04-16,5,40.0,136.4,2021-04-16,2021,4,16,4,2021.04,weekday_5
2021-04-16,72729,1,2021-04-16,16,64.98,131.3,2021-04-16,2021,4,16,4,2021.04,weekday_16
2021-04-17,72739,1,2021-04-17,2,39.94,160.1,2021-04-17,2021,4,17,5,2021.04,weekend_2
2021-04-17,72749,1,2021-04-17,12,39.96,122.0,2021-04-17,2021,4,17,5,2021.04,weekend_12
2021-04-17,72759,1,2021-04-17,22,45.04,140.0,2021-04-17,2021,4,17,5,2021.04,weekend_22
2021-04-18,72769,1,2021-04-18,8,34.65,186.0,2021-04-18,2021,4,18,6,2021.04,weekend_8
2021-04-18,72779,1,2021-04-18,18,40.09,61.0,2021-04-18,2021,4,18,6,2021.04,weekend_18
2021-04-19,72789,1,2021-04-19,4,39.97,113.7,2021-04-19,2021,4,19,0,2021.04,weekday_4
2021-04-19,72800,1,2021-04-19,15,64.97,133.2,2021-04-19,2021,4,19,0,2021.04,weekday_15
2021-04-20,72811,1,2021-04-20,2,39.97,119.4,2021-04-20,2021,4,20,1,2021.04,weekday_2
2021-04-20,72820,1,2021-04-20,11,68.04,101.0,2021-04-20,2021,4,20,1,2021.04,weekday_11
2021-04-20,72828,1,2021-04-20,19,299.1,54.1,2021-04-20,2021,4,20,1,2021.04,weekday_19
2021-04-21,72836,1,2021-04-21,3,39.98,123.4,2021-04-21,2021,4,21,2,2021.04,weekday_3
2021-04-21,72849,1,2021-04-21,16,68.04,101.0,2021-04-21,2021,4,21,2,2021.04,weekday_16
2021-04-22,72861,1,2021-04-22,4,39.97,107.7,2021-04-22,2021,4,22,3,2021.04,weekday_4
2021-04-22,72870,1,2021-04-22,13,68.05,101.0,2021-04-22,2021,4,22,3,2021.04,weekday_13
2021-04-23,72881,1,2021-04-23,0,45.05,95.0,2021-04-23,2021,4,23,4,2021.04,weekday_0
2021-04-23,72891,1,2021-04-23,10,70.06,99.0,2021-04-23,2021,4,23,4,2021.04,weekday_10
2021-04-23,72899,1,2021-04-23,18,299.1,54.0,2021-04-23,2021,4,23,4,2021.04,weekday_18
2021-04-24,72907,1,2021-04-24,2,27.1,154.0,2021-04-24,2021,4,24,5,2021.04,weekend_2
2021-04-24,72918,1,2021-04-24,13,39.9,128.0,2021-04-24,2021,4,24,5,2021.04,weekend_13
2021-04-25,72929,1,2021-04-25,0,27.1,144.0,2021-04-25,2021,4,25,6,2021.04,weekend_0
2021-04-25,72938,1,2021-04-25,9,40.02,163.0,2021-04-25,2021,4,25,6,2021.04,weekend_9
2021-04-25,72945,1,2021-04-25,16,40.01,157.0,2021-04-25,2021,4,25,6,2021.04,weekend_16
2021-04-26,72955,1,2021-04-26,2,39.94,72.4,2021-04-26,2021,4,26,0,2021.04,weekday_2
2021-04-26,72965,1,2021-04-26,12,70.04,98.0,2021-04-26,2021,4,26,0,2021.04,weekday_12
2021-04-26,72976,1,2021-04-26,23,45.04,82.0,2021-04-26,2021,4,26,0,2021.04,weekday_23
2021-04-27,72986,1,2021-04-27,9,201.03,77.0,2021-04-27,2021,4,27,1,2021.04,weekday_9
2021-04-27,72997,1,2021-04-27,20,104.13,60.0,2021-04-27,2021,4,27,1,2021.04,weekday_20
2021-04-28,73008,1,2021-04-28,7,133.81,77.0,2021-04-28,2021,4,28,2,2021.04,weekday_7
2021-04-28,73018,1,2021-04-28,17,70.01,68.0,2021-04-28,2021,4,28,2,2021.04,weekday_17
2021-04-29,73025,1,2021-04-29,0,44.16,77.9,2021-04-29,2021,4,29,3,2021.04,weekday_0
2021-04-29,73039,1,2021-04-29,14,68.06,71.0,2021-04-29,2021,4,29,3,2021.04,weekday_14
2021-04-29,73046,1,2021-04-29,21,79.0,72.0,2021-04-29,2021,4,29,3,2021.04,weekday_21
2021-04-30,73055,1,2021-04-30,6,45.92,201.9,2021-04-30,2021,4,30,4,2021.04,weekday_6
2021-04-30,73065,1,2021-04-30,16,67.97,114.5,2021-04-30,2021,4,30,4,2021.04,weekday_16
2021-04-01,72356,1,2021-04-01,3,36.96,117.0,2021-04-01,2021,4,1,3,2021.04,weekday_3
2021-04-01,72364,1,2021-04-01,11,58.97,142.5,2021-04-01,2021,4,1,3,2021.04,weekday_11
2021-04-01,72375,1,2021-04-01,22,45.0,38.0,2021-04-01,2021,4,1,3,2021.04,weekday_22
2021-04-02,72386,1,2021-04-02,9,35.02,222.0,2021-04-02,2021,4,2,4,2021.04,weekday_9
2021-04-02,72396,1,2021-04-02,19,35.08,80.0,2021-04-02,2021,4,2,4,2021.04,weekday_19
2021-04-03,72405,1,2021-04-03,4,29.98,235.0,2021-04-03,2021,4,3,5,2021.04,weekend_4
2021-04-03,72416,1,2021-04-03,15,34.9,232.0,2021-04-03,2021,4,3,5,2021.04,weekend_15
2021-04-03,72424,1,2021-04-03,23,34.92,191.0,2021-04-03,2021,4,3,5,2021.04,weekend_23
2021-04-04,72434,1,2021-04-04,9,29.92,339.0,2021-04-04,2021,4,4,6,2021.04,weekend_9
2021-04-04,72443,1,2021-04-04,18,35.04,206.0,2021-04-04,2021,4,4,6,2021.04,weekend_18
2021-04-05,72456,1,2021-04-05,7,45.03,32.0,2021-04-05,2021,4,5,0,2021.04,weekday_7
2021-04-05,72466,1,2021-04-05,17,36.03,23.0,2021-04-05,2021,4,5,0,2021.04,weekday_17
2021-04-06,72476,1,2021-04-06,3,36.94,143.0,2021-04-06,2021,4,6,1,2021.04,weekday_3
2021-04-06,72486,1,2021-04-06,13,58.97,112.0,2021-04-06,2021,4,6,1,2021.04,weekday_13
2021-04-06,72494,1,2021-04-06,21,89.06,44.0,2021-04-06,2021,4,6,1,2021.04,weekday_21
2021-04-07,72504,1,2021-04-07,7,76.93,63.0,2021-04-07,2021,4,7,2,2021.04,weekday_7
2021-04-07,72514,1,2021-04-07,17,58.94,181.0,2021-04-07,2021,4,7,2,2021.04,weekday_17
2021-04-08,72525,1,2021-04-08,4,40.03,26.0,2021-04-08,2021,4,8,3,2021.04,weekday_4
2021-04-08,72535,1,2021-04-08,14,58.98,100.0,2021-04-08,2021,4,8,3,2021.04,weekday_14
2021-04-09,72551,1,2021-04-09,6,44.99,118.1,2021-04-09,2021,4,9,4,2021.04,weekday_6
2021-04-09,72558,1,2021-04-09,13,59.98,113.0,2021-04-09,2021,4,9,4,2021.04,weekday_13
2021-04-09,72564,1,2021-04-09,19,299.92,5.0,2021-04-09,2021,4,9,4,2021.04,weekday_19
2021-04-10,72574,1,2021-04-10,5,39.97,138.1,2021-04-10,2021,4,10,5,2021.04,weekend_5
2021-04-10,72584,1,2021-04-10,15,39.98,98.0,2021-04-10,2021,4,10,5,2021.04,weekend_15
2021-04-11,72594,1,2021-04-11,1,40.07,113.2,2021-04-11,2021,4,11,6,2021.04,weekend_1
2021-04-11,72607,1,2021-04-11,14,40.06,166.0,2021-04-11,2021,4,11,6,2021.04,weekend_14
2021-04-11,72616,1,2021-04-11,23,40.08,120.2,2021-04-11,2021,4,11,6,2021.04,weekend_23
2021-04-12,72625,1,2021-04-12,8,201.97,44.1,2021-04-12,2021,4,12,0,2021.04,weekday_8
2021-04-12,72637,1,2021-04-12,20,283.33,5.0,2021-04-12,2021,4,12,0,2021.04,weekday_20
2021-04-13,72646,1,2021-04-13,5,40.0,158.2,2021-04-13,2021,4,13,1,2021.04,weekday_5
2021-04-13,72656,1,2021-04-13,15,65.0,115.6,2021-04-13,2021,4,13,1,2021.04,weekday_15
2021-04-14,72666,1,2021-04-14,1,39.99,117.0,2021-04-14,2021,4,14,2,2021.04,weekday_1
2021-04-14,72675,1,2021-04-14,10,64.99,114.7,2021-04-14,2021,4,14,2,2021.04,weekday_10
2021-04-14,72685,1,2021-04-14,20,271.67,40.0,2021-04-14,2021,4,14,2,2021.04,weekday_20
2021-04-15,72695,1,2021-04-15,6,49.1,185.7,2021-04-15,2021,4,15,3,2021.04,weekday_6
2021-04-15,72704,1,2021-04-15,15,65.0,101.6,2021-04-15,2021,4,15,3,2021.04,weekday_15
2021-04-16,72714,1,2021-04-16,1,41.49,99.7,2021-04-16,2021,4,16,4,2021.04,weekday_1
2021-04-16,72726,1,2021-04-16,13,64.99,112.8,2021-04-16,2021,4,16,4,2021.04,weekday_13
2021-04-16,72736,1,2021-04-16,23,45.0,104.0,2021-04-16,2021,4,16,4,2021.04,weekday_23
2021-04-17,72745,1,2021-04-17,8,59.99,101.0,2021-04-17,2021,4,17,5,2021.04,weekend_8
2021-04-17,72755,1,2021-04-17,18,299.77,14.0,2021-04-17,2021,4,17,5,2021.04,weekend_18
2021-04-18,72765,1,2021-04-18,4,34.61,182.0,2021-04-18,2021,4,18,6,2021.04,weekend_4
2021-04-18,72775,1,2021-04-18,14,40.01,180.0,2021-04-18,2021,4,18,6,2021.04,weekend_14
2021-04-19,72786,1,2021-04-19,1,39.97,104.4,2021-04-19,2021,4,19,0,2021.04,weekday_1
2021-04-19,72796,1,2021-04-19,11,64.97,135.5,2021-04-19,2021,4,19,0,2021.04,weekday_11
2021-04-19,72805,1,2021-04-19,20,266.67,55.0,2021-04-19,2021,4,19,0,2021.04,weekday_20
2021-04-20,72814,1,2021-04-20,5,39.99,133.2,2021-04-20,2021,4,20,1,2021.04,weekday_5
2021-04-20,72824,1,2021-04-20,15,68.04,101.0,2021-04-20,2021,4,20,1,2021.04,weekday_15
2021-04-21,72834,1,2021-04-21,1,39.98,122.1,2021-04-21,2021,4,21,2,2021.04,weekday_1
2021-04-21,72845,1,2021-04-21,12,68.04,101.0,2021-04-21,2021,4,21,2,2021.04,weekday_12
2021-04-22,72858,1,2021-04-22,1,39.97,98.9,2021-04-22,2021,4,22,3,2021.04,weekday_1
2021-04-22,72865,1,2021-04-22,8,201.02,64.0,2021-04-22,2021,4,22,3,2021.04,weekday_8
2021-04-22,72875,1,2021-04-22,18,299.22,47.0,2021-04-22,2021,4,22,3,2021.04,weekday_18
2021-04-23,72885,1,2021-04-23,4,39.97,102.6,2021-04-23,2021,4,23,4,2021.04,weekday_4
2021-04-23,72897,1,2021-04-23,16,70.04,99.0,2021-04-23,2021,4,23,4,2021.04,weekday_16
2021-04-24,72905,1,2021-04-24,0,39.91,134.1,2021-04-24,2021,4,24,5,2021.04,weekend_0
2021-04-24,72916,1,2021-04-24,11,59.9,79.0,2021-04-24,2021,4,24,5,2021.04,weekend_11
2021-04-24,72924,1,2021-04-24,19,299.75,15.0,2021-04-24,2021,4,24,5,2021.04,weekend_19
2021-04-25,72934,1,2021-04-25,5,27.06,129.0,2021-04-25,2021,4,25,6,2021.04,weekend_5
2021-04-25,72947,1,2021-04-25,18,40.08,61.0,2021-04-25,2021,4,25,6,2021.04,weekend_18
2021-04-26,72954,1,2021-04-26,1,39.95,77.4,2021-04-26,2021,4,26,0,2021.04,weekday_1
2021-04-26,72966,1,2021-04-26,13,70.04,98.0,2021-04-26,2021,4,26,0,2021.04,weekday_13
2021-04-26,72975,1,2021-04-26,22,50.92,101.4,2021-04-26,2021,4,26,0,2021.04,weekday_22
2021-04-27,72984,1,2021-04-27,7,133.97,77.0,2021-04-27,2021,4,27,1,2021.04,weekday_7
2021-04-27,72996,1,2021-04-27,19,299.08,55.0,2021-04-27,2021,4,27,1,2021.04,weekday_19
2021-04-28,73007,1,2021-04-28,6,44.98,122.1,2021-04-28,2021,4,28,2,2021.04,weekday_6
2021-04-28,73019,1,2021-04-28,18,299.07,55.9,2021-04-28,2021,4,28,2,2021.04,weekday_18
2021-04-28,73024,1,2021-04-28,23,44.57,85.2,2021-04-28,2021,4,28,2,2021.04,weekday_23
2021-04-29,73034,1,2021-04-29,9,179.91,71.0,2021-04-29,2021,4,29,3,2021.04,weekday_9
2021-04-29,73045,1,2021-04-29,20,264.99,60.0,2021-04-29,2021,4,29,3,2021.04,weekday_20
2021-04-30,73056,1,2021-04-30,7,129.91,72.0,2021-04-30,2021,4,30,4,2021.04,weekday_7
2021-04-30,73068,1,2021-04-30,19,295.97,60.0,2021-04-30,2021,4,30,4,2021.04,weekday_19
2021-04-01,72359,1,2021-04-01,6,44.97,168.1,2021-04-01,2021,4,1,3,2021.04,weekday_6
2021-04-01,72369,1,2021-04-01,16,58.96,152.5,2021-04-01,2021,4,1,3,2021.04,weekday_16
2021-04-02,72379,1,2021-04-02,2,29.98,236.0,2021-04-02,2021,4,2,4,2021.04,weekday_2
2021-04-02,72388,1,2021-04-02,11,35.03,192.0,2021-04-02,2021,4,2,4,2021.04,weekday_11
2021-04-02,72400,1,2021-04-02,23,35.0,225.0,2021-04-02,2021,4,2,4,2021.04,weekday_23
2021-04-03,72410,1,2021-04-03,9,54.94,185.0,2021-04-03,2021,4,3,5,2021.04,weekend_9
2021-04-03,72421,1,2021-04-03,20,34.97,101.0,2021-04-03,2021,4,3,5,2021.04,weekend_20
2021-04-04,72431,1,2021-04-04,6,25.32,374.0,2021-04-04,2021,4,4,6,2021.04,weekend_6
2021-04-04,72440,1,2021-04-04,15,29.92,284.0,2021-04-04,2021,4,4,6,2021.04,weekend_15
2021-04-05,72450,1,2021-04-05,1,36.02,36.0,2021-04-05,2021,4,5,0,2021.04,weekday_1
2021-04-05,72461,1,2021-04-05,12,36.07,23.0,2021-04-05,2021,4,5,0,2021.04,weekday_12
2021-04-05,72468,1,2021-04-05,19,299.75,5.0,2021-04-05,2021,4,5,0,2021.04,weekday_19
2021-04-06,72478,1,2021-04-06,5,36.96,157.0,2021-04-06,2021,4,6,1,2021.04,weekday_5
2021-04-06,72491,1,2021-04-06,18,299.53,28.0,2021-04-06,2021,4,6,1,2021.04,weekday_18
2021-04-07,72499,1,2021-04-07,2,36.96,105.0,2021-04-07,2021,4,7,2,2021.04,weekday_2
2021-04-07,72508,1,2021-04-07,11,58.92,225.0,2021-04-07,2021,4,7,2,2021.04,weekday_11
2021-04-07,72517,1,2021-04-07,20,282.5,5.0,2021-04-07,2021,4,7,2,2021.04,weekday_20
2021-04-08,72524,1,2021-04-08,3,36.97,73.0,2021-04-08,2021,4,8,3,2021.04,weekday_3
2021-04-08,72537,1,2021-04-08,16,58.98,100.0,2021-04-08,2021,4,8,3,2021.04,weekday_16
2021-04-09,72546,1,2021-04-09,1,37.98,74.4,2021-04-09,2021,4,9,4,2021.04,weekday_1
2021-04-09,72557,1,2021-04-09,12,59.98,116.0,2021-04-09,2021,4,9,4,2021.04,weekday_12
2021-04-09,72568,1,2021-04-09,23,37.99,74.4,2021-04-09,2021,4,9,4,2021.04,weekday_23
2021-04-10,72577,1,2021-04-10,8,59.99,94.0,2021-04-10,2021,4,10,5,2021.04,weekend_8
2021-04-10,72588,1,2021-04-10,19,299.88,5.0,2021-04-10,2021,4,10,5,2021.04,weekend_19
2021-04-11,72595,1,2021-04-11,2,40.07,126.2,2021-04-11,2021,4,11,6,2021.04,weekend_2
2021-04-11,72609,1,2021-04-11,16,40.07,143.0,2021-04-11,2021,4,11,6,2021.04,weekend_16
2021-04-12,72620,1,2021-04-12,3,39.97,162.1,2021-04-12,2021,4,12,0,2021.04,weekday_3
2021-04-12,72630,1,2021-04-12,13,64.99,131.8,2021-04-12,2021,4,12,0,2021.04,weekday_13
2021-04-12,72639,1,2021-04-12,22,40.0,71.2,2021-04-12,2021,4,12,0,2021.04,weekday_22
2021-04-13,72650,1,2021-04-13,9,202.55,90.0,2021-04-13,2021,4,13,1,2021.04,weekday_9
2021-04-13,72661,1,2021-04-13,20,211.34,60.0,2021-04-13,2021,4,13,1,2021.04,weekday_20
2021-04-14,72671,1,2021-04-14,6,49.1,182.0,2021-04-14,2021,4,14,2,2021.04,weekday_6
2021-04-14,72681,1,2021-04-14,16,64.99,126.1,2021-04-14,2021,4,14,2,2021.04,weekday_16
2021-04-15,72691,1,2021-04-15,2,39.99,112.2,2021-04-15,2021,4,15,3,2021.04,weekday_2
2021-04-15,72700,1,2021-04-15,11,65.0,100.8,2021-04-15,2021,4,15,3,2021.04,weekday_11
2021-04-15,72710,1,2021-04-15,21,122.84,84.0,2021-04-15,2021,4,15,3,2021.04,weekday_21
2021-04-16,72720,1,2021-04-16,7,134.96,94.0,2021-04-16,2021,4,16,4,2021.04,weekday_7
2021-04-16,72730,1,2021-04-16,17,64.98,151.1,2021-04-16,2021,4,16,4,2021.04,weekday_17
2021-04-17,72740,1,2021-04-17,3,39.93,163.1,2021-04-17,2021,4,17,5,2021.04,weekend_3
2021-04-17,72750,1,2021-04-17,13,39.96,128.0,2021-04-17,2021,4,17,5,2021.04,weekend_13
2021-04-17,72760,1,2021-04-17,23,39.96,147.1,2021-04-17,2021,4,17,5,2021.04,weekend_23
2021-04-18,72770,1,2021-04-18,9,34.66,163.0,2021-04-18,2021,4,18,6,2021.04,weekend_9
2021-04-18,72780,1,2021-04-18,19,40.09,57.0,2021-04-18,2021,4,18,6,2021.04,weekend_19
2021-04-19,72790,1,2021-04-19,5,39.99,138.6,2021-04-19,2021,4,19,0,2021.04,weekday_5
2021-04-19,72798,1,2021-04-19,13,64.97,139.9,2021-04-19,2021,4,19,0,2021.04,weekday_13
2021-04-19,72808,1,2021-04-19,23,45.04,83.0,2021-04-19,2021,4,19,0,2021.04,weekday_23
2021-04-20,72818,1,2021-04-20,9,201.03,85.0,2021-04-20,2021,4,20,1,2021.04,weekday_9
2021-04-20,72827,1,2021-04-20,18,299.09,54.7,2021-04-20,2021,4,20,1,2021.04,weekday_18
2021-04-21,72841,1,2021-04-21,8,201.04,62.8,2021-04-21,2021,4,21,2,2021.04,weekday_8
2021-04-21,72850,1,2021-04-21,17,68.03,101.0,2021-04-21,2021,4,21,2,2021.04,weekday_17
2021-04-21,72856,1,2021-04-21,23,45.06,121.0,2021-04-21,2021,4,21,2,2021.04,weekday_23
2021-04-22,72868,1,2021-04-22,11,68.05,101.0,2021-04-22,2021,4,22,3,2021.04,weekday_11
2021-04-22,72878,1,2021-04-22,21,97.01,87.0,2021-04-22,2021,4,22,3,2021.04,weekday_21
2021-04-23,72889,1,2021-04-23,8,201.05,62.0,2021-04-23,2021,4,23,4,2021.04,weekday_8
2021-04-23,72901,1,2021-04-23,20,266.67,55.0,2021-04-23,2021,4,23,4,2021.04,weekday_20
2021-04-24,72910,1,2021-04-24,5,34.85,166.0,2021-04-24,2021,4,24,5,2021.04,weekend_5
2021-04-24,72921,1,2021-04-24,16,34.85,133.0,2021-04-24,2021,4,24,5,2021.04,weekend_16
2021-04-25,72931,1,2021-04-25,2,27.06,100.0,2021-04-25,2021,4,25,6,2021.04,weekend_2
2021-04-25,72940,1,2021-04-25,11,40.01,164.0,2021-04-25,2021,4,25,6,2021.04,weekend_11
2021-04-25,72949,1,2021-04-25,20,40.08,81.0,2021-04-25,2021,4,25,6,2021.04,weekend_20
2021-04-26,72959,1,2021-04-26,6,45.05,106.0,2021-04-26,2021,4,26,0,2021.04,weekday_6
2021-04-26,72969,1,2021-04-26,16,70.05,98.0,2021-04-26,2021,4,26,0,2021.04,weekday_16
2021-04-27,72979,1,2021-04-27,2,39.96,98.5,2021-04-27,2021,4,27,1,2021.04,weekday_2
2021-04-27,72991,1,2021-04-27,14,70.02,80.0,2021-04-27,2021,4,27,1,2021.04,weekday_14
2021-04-27,72999,1,2021-04-27,22,45.03,122.0,2021-04-27,2021,4,27,1,2021.04,weekday_22
2021-04-28,73010,1,2021-04-28,9,180.57,68.0,2021-04-28,2021,4,28,2,2021.04,weekday_9
2021-04-28,73020,1,2021-04-28,19,299.1,54.1,2021-04-28,2021,4,28,2,2021.04,weekday_19
2021-04-29,73031,1,2021-04-29,6,45.9,225.5,2021-04-29,2021,4,29,3,2021.04,weekday_6
2021-04-29,73041,1,2021-04-29,16,68.06,71.0,2021-04-29,2021,4,29,3,2021.04,weekday_16
2021-04-30,73051,1,2021-04-30,2,38.97,107.0,2021-04-30,2021,4,30,4,2021.04,weekday_2
2021-04-30,73059,1,2021-04-30,10,67.99,84.2,2021-04-30,2021,4,30,4,2021.04,weekday_10
2021-04-30,73070,1,2021-04-30,21,85.11,73.0,2021-04-30,2021,4,30,4,2021.04,weekday_21
2021-04-01,72353,1,2021-04-01,0,40.04,36.0,2021-04-01,2021,4,1,3,2021.04,weekday_0
2021-04-01,72365,1,2021-04-01,12,58.97,142.5,2021-04-01,2021,4,1,3,2021.04,weekday_12
2021-04-01,72376,1,2021-04-01,23,36.98,78.0,2021-04-01,2021,4,1,3,2021.04,weekday_23
2021-04-02,72384,1,2021-04-02,7,29.99,286.0,2021-04-02,2021,4,2,4,2021.04,weekday_7
2021-04-02,72394,1,2021-04-02,17,35.0,244.0,2021-04-02,2021,4,2,4,2021.04,weekday_17
2021-04-03,72404,1,2021-04-03,3,29.98,233.0,2021-04-03,2021,4,3,5,2021.04,weekend_3
2021-04-03,72412,1,2021-04-03,11,54.9,282.0,2021-04-03,2021,4,3,5,2021.04,weekend_11
2021-04-03,72422,1,2021-04-03,21,34.96,123.0,2021-04-03,2021,4,3,5,2021.04,weekend_21
2021-04-04,72433,1,2021-04-04,8,29.92,359.0,2021-04-04,2021,4,4,6,2021.04,weekend_8
2021-04-04,72442,1,2021-04-04,17,29.96,303.0,2021-04-04,2021,4,4,6,2021.04,weekend_17
2021-04-05,72452,1,2021-04-05,3,36.02,35.0,2021-04-05,2021,4,5,0,2021.04,weekday_3
2021-04-05,72463,1,2021-04-05,14,36.08,22.0,2021-04-05,2021,4,5,0,2021.04,weekday_14
2021-04-06,72473,1,2021-04-06,0,40.02,27.0,2021-04-06,2021,4,6,1,2021.04,weekday_0
2021-04-06,72482,1,2021-04-06,9,204.5,31.0,2021-04-06,2021,4,6,1,2021.04,weekday_9
2021-04-06,72492,1,2021-04-06,19,299.92,5.0,2021-04-06,2021,4,6,1,2021.04,weekday_19
2021-04-07,72503,1,2021-04-07,6,44.96,181.1,2021-04-07,2021,4,7,2,2021.04,weekday_6
2021-04-07,72513,1,2021-04-07,16,58.94,203.0,2021-04-07,2021,4,7,2,2021.04,weekday_16
2021-04-08,72523,1,2021-04-08,2,36.98,67.0,2021-04-08,2021,4,8,3,2021.04,weekday_2
2021-04-08,72533,1,2021-04-08,12,58.98,100.0,2021-04-08,2021,4,8,3,2021.04,weekday_12
2021-04-08,72542,1,2021-04-08,21,89.04,47.0,2021-04-08,2021,4,8,3,2021.04,weekday_21
2021-04-09,72553,1,2021-04-09,8,201.96,31.6,2021-04-09,2021,4,9,4,2021.04,weekday_8
2021-04-09,72563,1,2021-04-09,18,299.38,37.0,2021-04-09,2021,4,9,4,2021.04,weekday_18
2021-04-10,72573,1,2021-04-10,4,39.97,117.1,2021-04-10,2021,4,10,5,2021.04,weekend_4
2021-04-10,72583,1,2021-04-10,14,39.98,98.0,2021-04-10,2021,4,10,5,2021.04,weekend_14
2021-04-10,72592,1,2021-04-10,23,39.98,95.1,2021-04-10,2021,4,10,5,2021.04,weekend_23
2021-04-11,72603,1,2021-04-11,10,40.06,162.0,2021-04-11,2021,4,11,6,2021.04,weekend_10
2021-04-11,72612,1,2021-04-11,19,40.1,27.0,2021-04-11,2021,4,11,6,2021.04,weekend_19
2021-04-12,72622,1,2021-04-12,5,39.97,168.1,2021-04-12,2021,4,12,0,2021.04,weekday_5
2021-04-12,72632,1,2021-04-12,15,64.99,127.6,2021-04-12,2021,4,12,0,2021.04,weekday_15
2021-04-13,72642,1,2021-04-13,1,40.0,132.2,2021-04-13,2021,4,13,1,2021.04,weekday_1
2021-04-13,72652,1,2021-04-13,11,65.0,113.8,2021-04-13,2021,4,13,1,2021.04,weekday_11
2021-04-13,72663,1,2021-04-13,22,55.8,159.0,2021-04-13,2021,4,13,1,2021.04,weekday_22
2021-04-14,72672,1,2021-04-14,7,135.07,103.0,2021-04-14,2021,4,14,2,2021.04,weekday_7
2021-04-14,72683,1,2021-04-14,18,299.43,34.0,2021-04-14,2021,4,14,2,2021.04,weekday_18
2021-04-15,72692,1,2021-04-15,3,39.99,118.1,2021-04-15,2021,4,15,3,2021.04,weekday_3
2021-04-15,72703,1,2021-04-15,14,65.0,100.8,2021-04-15,2021,4,15,3,2021.04,weekday_14
2021-04-15,72712,1,2021-04-15,23,45.08,123.0,2021-04-15,2021,4,15,3,2021.04,weekday_23
2021-04-16,72723,1,2021-04-16,10,64.99,118.6,2021-04-16,2021,4,16,4,2021.04,weekday_10
2021-04-16,72732,1,2021-04-16,19,299.1,54.1,2021-04-16,2021,4,16,4,2021.04,weekday_19
2021-04-17,72743,1,2021-04-17,6,39.92,191.2,2021-04-17,2021,4,17,5,2021.04,weekend_6
2021-04-17,72753,1,2021-04-17,16,39.95,133.0,2021-04-17,2021,4,17,5,2021.04,weekend_16
2021-04-18,72762,1,2021-04-18,1,40.0,162.2,2021-04-18,2021,4,18,6,2021.04,weekend_1
2021-04-18,72773,1,2021-04-18,12,34.65,168.0,2021-04-18,2021,4,18,6,2021.04,weekend_12
2021-04-18,72783,1,2021-04-18,22,44.8,125.0,2021-04-18,2021,4,18,6,2021.04,weekend_22
2021-04-19,72792,1,2021-04-19,7,134.05,99.0,2021-04-19,2021,4,19,0,2021.04,weekday_7
2021-04-19,72802,1,2021-04-19,17,64.98,143.5,2021-04-19,2021,4,19,0,2021.04,weekday_17
2021-04-20,72812,1,2021-04-20,3,39.98,120.5,2021-04-20,2021,4,20,1,2021.04,weekday_3
2021-04-20,72822,1,2021-04-20,13,68.04,101.0,2021-04-20,2021,4,20,1,2021.04,weekday_13
2021-04-21,72833,1,2021-04-21,0,45.05,108.0,2021-04-21,2021,4,21,2,2021.04,weekday_0
2021-04-21,72842,1,2021-04-21,9,201.06,85.0,2021-04-21,2021,4,21,2,2021.04,weekday_9
2021-04-21,72853,1,2021-04-21,20,142.08,60.0,2021-04-21,2021,4,21,2,2021.04,weekday_20
2021-04-22,72862,1,2021-04-22,5,39.99,132.0,2021-04-22,2021,4,22,3,2021.04,weekday_5
2021-04-22,72872,1,2021-04-22,15,68.05,101.0,2021-04-22,2021,4,22,3,2021.04,weekday_15
2021-04-23,72883,1,2021-04-23,2,39.96,86.3,2021-04-23,2021,4,23,4,2021.04,weekday_2
2021-04-23,72892,1,2021-04-23,11,70.06,99.0,2021-04-23,2021,4,23,4,2021.04,weekday_11
2021-04-23,72903,1,2021-04-23,22,50.92,99.5,2021-04-23,2021,4,23,4,2021.04,weekday_22
2021-04-24,72913,1,2021-04-24,8,59.9,101.0,2021-04-24,2021,4,24,5,2021.04,weekend_8
2021-04-24,72922,1,2021-04-24,17,34.87,128.0,2021-04-24,2021,4,24,5,2021.04,weekend_17
2021-04-25,72932,1,2021-04-25,3,27.06,101.0,2021-04-25,2021,4,25,6,2021.04,weekend_3
2021-04-25,72942,1,2021-04-25,13,34.86,175.0,2021-04-25,2021,4,25,6,2021.04,weekend_13
2021-04-26,72953,1,2021-04-26,0,45.03,71.0,2021-04-26,2021,4,26,0,2021.04,weekday_0
2021-04-26,72962,1,2021-04-26,9,201.07,83.0,2021-04-26,2021,4,26,0,2021.04,weekday_9
2021-04-26,72972,1,2021-04-26,19,299.1,54.1,2021-04-26,2021,4,26,0,2021.04,weekday_19
2021-04-27,72982,1,2021-04-27,6,44.98,111.4,2021-04-27,2021,4,27,1,2021.04,weekday_6
2021-04-27,72993,1,2021-04-27,16,70.01,80.0,2021-04-27,2021,4,27,1,2021.04,weekday_16
2021-04-28,73002,1,2021-04-28,1,39.93,135.1,2021-04-28,2021,4,28,2,2021.04,weekday_1
2021-04-28,73013,1,2021-04-28,12,70.01,69.0,2021-04-28,2021,4,28,2,2021.04,weekday_12
2021-04-28,73022,1,2021-04-28,21,86.56,105.4,2021-04-28,2021,4,28,2,2021.04,weekday_21
2021-04-29,73033,1,2021-04-29,8,195.01,71.0,2021-04-29,2021,4,29,3,2021.04,weekday_8
2021-04-29,73042,1,2021-04-29,17,68.06,71.0,2021-04-29,2021,4,29,3,2021.04,weekday_17
2021-04-30,73052,1,2021-04-30,3,38.97,107.0,2021-04-30,2021,4,30,4,2021.04,weekday_3
2021-04-30,73062,1,2021-04-30,13,67.98,105.2,2021-04-30,2021,4,30,4,2021.04,weekday_13
2021-04-01,72360,1,2021-04-01,7,76.94,62.0,2021-04-01,2021,4,1,3,2021.04,weekday_7
2021-04-01,72371,1,2021-04-01,18,90.0,60.6,2021-04-01,2021,4,1,3,2021.04,weekday_18
2021-04-02,72380,1,2021-04-02,3,29.96,253.0,2021-04-02,2021,4,2,4,2021.04,weekday_3
2021-04-02,72391,1,2021-04-02,14,35.01,218.0,2021-04-02,2021,4,2,4,2021.04,weekday_14
2021-04-03,72401,1,2021-04-03,0,34.92,182.0,2021-04-03,2021,4,3,5,2021.04,weekend_0
2021-04-03,72409,1,2021-04-03,8,54.92,218.0,2021-04-03,2021,4,3,5,2021.04,weekend_8
2021-04-03,72419,1,2021-04-03,18,59.94,211.3,2021-04-03,2021,4,3,5,2021.04,weekend_18
2021-04-04,72429,1,2021-04-04,4,29.96,263.0,2021-04-04,2021,4,4,6,2021.04,weekend_4
2021-04-04,72437,1,2021-04-04,12,29.93,318.0,2021-04-04,2021,4,4,6,2021.04,weekend_12
2021-04-04,72447,1,2021-04-04,22,35.04,172.0,2021-04-04,2021,4,4,6,2021.04,weekend_22
2021-04-05,72458,1,2021-04-05,9,45.07,22.0,2021-04-05,2021,4,5,0,2021.04,weekday_9
2021-04-05,72467,1,2021-04-05,18,36.06,20.0,2021-04-05,2021,4,5,0,2021.04,weekday_18
2021-04-06,72479,1,2021-04-06,6,44.97,133.1,2021-04-06,2021,4,6,1,2021.04,weekday_6
2021-04-06,72488,1,2021-04-06,15,58.97,114.0,2021-04-06,2021,4,6,1,2021.04,weekday_15
2021-04-07,72501,1,2021-04-07,4,40.02,23.0,2021-04-07,2021,4,7,2,2021.04,weekday_4
2021-04-07,72511,1,2021-04-07,14,58.92,226.0,2021-04-07,2021,4,7,2,2021.04,weekday_14
2021-04-08,72521,1,2021-04-08,0,40.07,27.0,2021-04-08,2021,4,8,3,2021.04,weekday_0
2021-04-08,72529,1,2021-04-08,8,202.85,19.0,2021-04-08,2021,4,8,3,2021.04,weekday_8
2021-04-08,72536,1,2021-04-08,15,58.98,100.0,2021-04-08,2021,4,8,3,2021.04,weekday_15
2021-04-09,72547,1,2021-04-09,2,37.97,91.4,2021-04-09,2021,4,9,4,2021.04,weekday_2
2021-04-09,72556,1,2021-04-09,11,59.98,114.0,2021-04-09,2021,4,9,4,2021.04,weekday_11
2021-04-10,72570,1,2021-04-10,1,39.98,99.1,2021-04-10,2021,4,10,5,2021.04,weekend_1
2021-04-10,72580,1,2021-04-10,11,59.97,159.0,2021-04-10,2021,4,10,5,2021.04,weekend_11
2021-04-10,72586,1,2021-04-10,17,39.98,120.0,2021-04-10,2021,4,10,5,2021.04,weekend_17
2021-04-11,72597,1,2021-04-11,4,40.06,137.2,2021-04-11,2021,4,11,6,2021.04,weekend_4
2021-04-11,72604,1,2021-04-11,11,40.06,165.0,2021-04-11,2021,4,11,6,2021.04,weekend_11
2021-04-11,72614,1,2021-04-11,21,40.09,65.2,2021-04-11,2021,4,11,6,2021.04,weekend_21
2021-04-12,72624,1,2021-04-12,7,137.98,87.0,2021-04-12,2021,4,12,0,2021.04,weekday_7
2021-04-12,72635,1,2021-04-12,18,299.35,39.0,2021-04-12,2021,4,12,0,2021.04,weekday_18
2021-04-13,72647,1,2021-04-13,6,48.65,206.0,2021-04-13,2021,4,13,1,2021.04,weekday_6
2021-04-13,72658,1,2021-04-13,17,64.99,161.8,2021-04-13,2021,4,13,1,2021.04,weekday_17
2021-04-14,72667,1,2021-04-14,2,39.98,129.0,2021-04-14,2021,4,14,2,2021.04,weekday_2
2021-04-14,72676,1,2021-04-14,11,64.99,112.9,2021-04-14,2021,4,14,2,2021.04,weekday_11
2021-04-14,72686,1,2021-04-14,21,123.95,84.0,2021-04-14,2021,4,14,2,2021.04,weekday_21
2021-04-15,72696,1,2021-04-15,7,135.05,103.0,2021-04-15,2021,4,15,3,2021.04,weekday_7
2021-04-15,72706,1,2021-04-15,17,65.0,100.8,2021-04-15,2021,4,15,3,2021.04,weekday_17
2021-04-16,72716,1,2021-04-16,3,39.99,110.9,2021-04-16,2021,4,16,4,2021.04,weekday_3
2021-04-16,72725,1,2021-04-16,12,64.99,116.1,2021-04-16,2021,4,16,4,2021.04,weekday_12
2021-04-16,72735,1,2021-04-16,22,51.04,107.7,2021-04-16,2021,4,16,4,2021.04,weekday_22
2021-04-17,72744,1,2021-04-17,7,59.97,134.0,2021-04-17,2021,4,17,5,2021.04,weekend_7
2021-04-17,72754,1,2021-04-17,17,39.96,128.0,2021-04-17,2021,4,17,5,2021.04,weekend_17
2021-04-18,72764,1,2021-04-18,3,34.6,180.0,2021-04-18,2021,4,18,6,2021.04,weekend_3
2021-04-18,72774,1,2021-04-18,13,40.02,175.0,2021-04-18,2021,4,18,6,2021.04,weekend_13
2021-04-19,72785,1,2021-04-19,0,45.04,79.0,2021-04-19,2021,4,19,0,2021.04,weekday_0
2021-04-19,72795,1,2021-04-19,10,64.97,137.9,2021-04-19,2021,4,19,0,2021.04,weekday_10
2021-04-19,72806,1,2021-04-19,21,97.03,86.0,2021-04-19,2021,4,19,0,2021.04,weekday_21
2021-04-20,72817,1,2021-04-20,8,201.03,63.2,2021-04-20,2021,4,20,1,2021.04,weekday_8
2021-04-20,72826,1,2021-04-20,17,68.03,101.0,2021-04-20,2021,4,20,1,2021.04,weekday_17
2021-04-21,72837,1,2021-04-21,4,39.98,135.3,2021-04-21,2021,4,21,2,2021.04,weekday_4
2021-04-21,72848,1,2021-04-21,15,68.04,101.0,2021-04-21,2021,4,21,2,2021.04,weekday_15
2021-04-22,72859,1,2021-04-22,2,39.96,97.5,2021-04-22,2021,4,22,3,2021.04,weekday_2
2021-04-22,72869,1,2021-04-22,12,68.05,101.0,2021-04-22,2021,4,22,3,2021.04,weekday_12
2021-04-22,72880,1,2021-04-22,23,45.05,108.0,2021-04-22,2021,4,22,3,2021.04,weekday_23
2021-04-23,72890,1,2021-04-23,9,201.08,84.0,2021-04-23,2021,4,23,4,2021.04,weekday_9
2021-04-23,72900,1,2021-04-23,19,299.1,54.1,2021-04-23,2021,4,23,4,2021.04,weekday_19
2021-04-24,72911,1,2021-04-24,6,27.07,124.0,2021-04-24,2021,4,24,5,2021.04,weekend_6
2021-04-24,72920,1,2021-04-24,15,34.86,131.0,2021-04-24,2021,4,24,5,2021.04,weekend_15
2021-04-25,72930,1,2021-04-25,1,27.08,126.0,2021-04-25,2021,4,25,6,2021.04,weekend_1
2021-04-25,72941,1,2021-04-25,12,40.0,168.0,2021-04-25,2021,4,25,6,2021.04,weekend_12
2021-04-25,72950,1,2021-04-25,21,40.04,117.2,2021-04-25,2021,4,25,6,2021.04,weekend_21
2021-04-26,72960,1,2021-04-26,7,134.04,83.0,2021-04-26,2021,4,26,0,2021.04,weekday_7
2021-04-26,72970,1,2021-04-26,17,70.04,98.0,2021-04-26,2021,4,26,0,2021.04,weekday_17
2021-04-27,72980,1,2021-04-27,3,39.96,102.7,2021-04-27,2021,4,27,1,2021.04,weekday_3
2021-04-27,72990,1,2021-04-27,13,70.02,80.0,2021-04-27,2021,4,27,1,2021.04,weekday_13
2021-04-28,73001,1,2021-04-28,0,44.58,102.7,2021-04-28,2021,4,28,2,2021.04,weekday_0
2021-04-28,73009,1,2021-04-28,8,198.58,68.0,2021-04-28,2021,4,28,2,2021.04,weekday_8
2021-04-28,73014,1,2021-04-28,13,70.01,69.0,2021-04-28,2021,4,28,2,2021.04,weekday_13
2021-04-29,73028,1,2021-04-29,3,39.79,125.0,2021-04-29,2021,4,29,3,2021.04,weekday_3
2021-04-29,73035,1,2021-04-29,10,68.06,71.0,2021-04-29,2021,4,29,3,2021.04,weekday_10
2021-04-29,73044,1,2021-04-29,19,296.79,60.0,2021-04-29,2021,4,29,3,2021.04,weekday_19
2021-04-30,73054,1,2021-04-30,5,44.05,71.8,2021-04-30,2021,4,30,4,2021.04,weekday_5
2021-04-30,73064,1,2021-04-30,15,67.98,107.5,2021-04-30,2021,4,30,4,2021.04,weekday_15
2021-04-01,72354,1,2021-04-01,1,36.97,100.0,2021-04-01,2021,4,1,3,2021.04,weekday_1
2021-04-01,72362,1,2021-04-01,9,118.01,65.0,2021-04-01,2021,4,1,3,2021.04,weekday_9
2021-04-01,72373,1,2021-04-01,20,92.37,53.0,2021-04-01,2021,4,1,3,2021.04,weekday_20
2021-04-02,72383,1,2021-04-02,6,29.95,306.0,2021-04-02,2021,4,2,4,2021.04,weekday_6
2021-04-02,72392,1,2021-04-02,15,35.01,217.0,2021-04-02,2021,4,2,4,2021.04,weekday_15
2021-04-03,72402,1,2021-04-03,1,34.91,202.0,2021-04-03,2021,4,3,5,2021.04,weekend_1
2021-04-03,72413,1,2021-04-03,12,34.92,224.0,2021-04-03,2021,4,3,5,2021.04,weekend_12
2021-04-04,72425,1,2021-04-04,0,35.02,192.0,2021-04-04,2021,4,4,6,2021.04,weekend_0
2021-04-04,72435,1,2021-04-04,10,29.93,321.0,2021-04-04,2021,4,4,6,2021.04,weekend_10
2021-04-04,72444,1,2021-04-04,19,35.07,114.0,2021-04-04,2021,4,4,6,2021.04,weekend_19
2021-04-05,72455,1,2021-04-05,6,36.03,35.0,2021-04-05,2021,4,5,0,2021.04,weekday_6
2021-04-05,72464,1,2021-04-05,15,36.08,22.0,2021-04-05,2021,4,5,0,2021.04,weekday_15
2021-04-06,72474,1,2021-04-06,1,36.94,127.0,2021-04-06,2021,4,6,1,2021.04,weekday_1
2021-04-06,72484,1,2021-04-06,11,58.97,113.0,2021-04-06,2021,4,6,1,2021.04,weekday_11
2021-04-07,72497,1,2021-04-07,0,40.03,24.0,2021-04-07,2021,4,7,2,2021.04,weekday_0
2021-04-07,72509,1,2021-04-07,12,58.92,222.0,2021-04-07,2021,4,7,2,2021.04,weekday_12
2021-04-07,72518,1,2021-04-07,21,89.02,81.0,2021-04-07,2021,4,7,2,2021.04,weekday_21
2021-04-08,72530,1,2021-04-08,9,205.0,0.0,2021-04-08,2021,4,8,3,2021.04,weekday_9
2021-04-08,72540,1,2021-04-08,19,299.92,5.0,2021-04-08,2021,4,8,3,2021.04,weekday_19
2021-04-09,72548,1,2021-04-09,3,37.97,95.4,2021-04-09,2021,4,9,4,2021.04,weekday_3
2021-04-09,72554,1,2021-04-09,9,204.92,5.0,2021-04-09,2021,4,9,4,2021.04,weekday_9
2021-04-09,72566,1,2021-04-09,21,89.05,52.0,2021-04-09,2021,4,9,4,2021.04,weekday_21
2021-04-10,72575,1,2021-04-10,6,39.96,170.3,2021-04-10,2021,4,10,5,2021.04,weekend_6
2021-04-10,72587,1,2021-04-10,18,299.18,33.0,2021-04-10,2021,4,10,5,2021.04,weekend_18
2021-04-11,72599,1,2021-04-11,6,40.04,217.3,2021-04-11,2021,4,11,6,2021.04,weekend_6
2021-04-11,72608,1,2021-04-11,15,40.07,153.0,2021-04-11,2021,4,11,6,2021.04,weekend_15
2021-04-12,72617,1,2021-04-12,0,40.04,60.0,2021-04-12,2021,4,12,0,2021.04,weekday_0
2021-04-12,72628,1,2021-04-12,11,64.99,122.8,2021-04-12,2021,4,12,0,2021.04,weekday_11
2021-04-13,72641,1,2021-04-13,0,45.02,129.0,2021-04-13,2021,4,13,1,2021.04,weekday_0
2021-04-13,72651,1,2021-04-13,10,65.0,123.8,2021-04-13,2021,4,13,1,2021.04,weekday_10
2021-04-13,72660,1,2021-04-13,19,299.25,45.0,2021-04-13,2021,4,13,1,2021.04,weekday_19
2021-04-14,72670,1,2021-04-14,5,40.28,146.0,2021-04-14,2021,4,14,2,2021.04,weekday_5
2021-04-14,72679,1,2021-04-14,14,64.99,113.0,2021-04-14,2021,4,14,2,2021.04,weekday_14
2021-04-15,72690,1,2021-04-15,1,40.79,101.5,2021-04-15,2021,4,15,3,2021.04,weekday_1
2021-04-15,72701,1,2021-04-15,12,65.0,100.8,2021-04-15,2021,4,15,3,2021.04,weekday_12
2021-04-15,72711,1,2021-04-15,22,51.54,119.0,2021-04-15,2021,4,15,3,2021.04,weekday_22
2021-04-16,72721,1,2021-04-16,8,201.05,61.9,2021-04-16,2021,4,16,4,2021.04,weekday_8
2021-04-16,72731,1,2021-04-16,18,299.05,56.9,2021-04-16,2021,4,16,4,2021.04,weekday_18
2021-04-17,72741,1,2021-04-17,4,39.94,160.1,2021-04-17,2021,4,17,5,2021.04,weekend_4
2021-04-17,72751,1,2021-04-17,14,39.95,134.0,2021-04-17,2021,4,17,5,2021.04,weekend_14
2021-04-18,72761,1,2021-04-18,0,40.03,148.2,2021-04-18,2021,4,18,6,2021.04,weekend_0
2021-04-18,72771,1,2021-04-18,10,40.0,161.0,2021-04-18,2021,4,18,6,2021.04,weekend_10
2021-04-18,72781,1,2021-04-18,20,40.08,81.0,2021-04-18,2021,4,18,6,2021.04,weekend_20
2021-04-19,72791,1,2021-04-19,6,45.05,102.0,2021-04-19,2021,4,19,0,2021.04,weekday_6
2021-04-19,72801,1,2021-04-19,16,64.97,133.5,2021-04-19,2021,4,19,0,2021.04,weekday_16
2021-04-20,72810,1,2021-04-20,1,39.98,119.9,2021-04-20,2021,4,20,1,2021.04,weekday_1
2021-04-20,72819,1,2021-04-20,10,68.04,101.0,2021-04-20,2021,4,20,1,2021.04,weekday_10
2021-04-20,72831,1,2021-04-20,22,50.94,119.1,2021-04-20,2021,4,20,1,2021.04,weekday_22
2021-04-21,72840,1,2021-04-21,7,134.05,85.0,2021-04-21,2021,4,21,2,2021.04,weekday_7
2021-04-21,72851,1,2021-04-21,18,299.09,54.3,2021-04-21,2021,4,21,2,2021.04,weekday_18
2021-04-22,72860,1,2021-04-22,3,39.96,99.3,2021-04-22,2021,4,22,3,2021.04,weekday_3
2021-04-22,72871,1,2021-04-22,14,68.05,101.0,2021-04-22,2021,4,22,3,2021.04,weekday_14
2021-04-22,72879,1,2021-04-22,22,50.95,128.2,2021-04-22,2021,4,22,3,2021.04,weekday_22
2021-04-23,72884,1,2021-04-23,3,39.96,88.4,2021-04-23,2021,4,23,4,2021.04,weekday_3
2021-04-23,72895,1,2021-04-23,14,70.05,99.0,2021-04-23,2021,4,23,4,2021.04,weekday_14
2021-04-24,72906,1,2021-04-24,1,34.83,148.0,2021-04-24,2021,4,24,5,2021.04,weekend_1
2021-04-24,72917,1,2021-04-24,12,39.91,122.0,2021-04-24,2021,4,24,5,2021.04,weekend_12
2021-04-24,72927,1,2021-04-24,22,45.03,130.0,2021-04-24,2021,4,24,5,2021.04,weekend_22
2021-04-25,72935,1,2021-04-25,6,27.05,126.0,2021-04-25,2021,4,25,6,2021.04,weekend_6
2021-04-25,72944,1,2021-04-25,15,34.86,163.0,2021-04-25,2021,4,25,6,2021.04,weekend_15
2021-04-26,72956,1,2021-04-26,3,39.95,75.0,2021-04-26,2021,4,26,0,2021.04,weekday_3
2021-04-26,72964,1,2021-04-26,11,70.05,98.0,2021-04-26,2021,4,26,0,2021.04,weekday_11
2021-04-26,72974,1,2021-04-26,21,95.84,85.0,2021-04-26,2021,4,26,0,2021.04,weekday_21
2021-04-27,72985,1,2021-04-27,8,201.0,57.7,2021-04-27,2021,4,27,1,2021.04,weekday_8
2021-04-27,72995,1,2021-04-27,18,299.09,54.7,2021-04-27,2021,4,27,1,2021.04,weekday_18
2021-04-28,73006,1,2021-04-28,5,44.57,127.9,2021-04-28,2021,4,28,2,2021.04,weekday_5
2021-04-28,73015,1,2021-04-28,14,70.01,69.0,2021-04-28,2021,4,28,2,2021.04,weekday_14
2021-04-29,73027,1,2021-04-29,1,39.8,128.0,2021-04-29,2021,4,29,3,2021.04,weekday_1
2021-04-29,73038,1,2021-04-29,13,68.06,71.0,2021-04-29,2021,4,29,3,2021.04,weekday_13
2021-04-29,73047,1,2021-04-29,22,45.04,117.4,2021-04-29,2021,4,29,3,2021.04,weekday_22
2021-04-30,73061,1,2021-04-30,12,67.99,94.2,2021-04-30,2021,4,30,4,2021.04,weekday_12
2021-04-30,73071,1,2021-04-30,22,44.47,75.9,2021-04-30,2021,4,30,4,2021.04,weekday_22
2021-04-01,72357,1,2021-04-01,4,40.03,35.0,2021-04-01,2021,4,1,3,2021.04,weekday_4
2021-04-01,72368,1,2021-04-01,15,58.97,137.5,2021-04-01,2021,4,1,3,2021.04,weekday_15
2021-04-02,72378,1,2021-04-02,1,35.0,219.0,2021-04-02,2021,4,2,4,2021.04,weekday_1
2021-04-02,72389,1,2021-04-02,12,35.02,201.0,2021-04-02,2021,4,2,4,2021.04,weekday_12
2021-04-02,72397,1,2021-04-02,20,35.09,68.0,2021-04-02,2021,4,2,4,2021.04,weekday_20
2021-04-03,72408,1,2021-04-03,7,54.9,255.0,2021-04-03,2021,4,3,5,2021.04,weekend_7
2021-04-03,72418,1,2021-04-03,17,30.0,282.0,2021-04-03,2021,4,3,5,2021.04,weekend_17
2021-04-04,72427,1,2021-04-04,2,29.98,240.0,2021-04-04,2021,4,4,6,2021.04,weekend_2
2021-04-04,72439,1,2021-04-04,14,25.59,309.0,2021-04-04,2021,4,4,6,2021.04,weekend_14
2021-04-05,72449,1,2021-04-05,0,36.03,36.0,2021-04-05,2021,4,5,0,2021.04,weekday_0
2021-04-05,72457,1,2021-04-05,8,45.04,22.0,2021-04-05,2021,4,5,0,2021.04,weekday_8
2021-04-05,72469,1,2021-04-05,20,280.0,5.0,2021-04-05,2021,4,5,0,2021.04,weekday_20
2021-04-06,72477,1,2021-04-06,4,40.02,26.0,2021-04-06,2021,4,6,1,2021.04,weekday_4
2021-04-06,72487,1,2021-04-06,14,58.97,113.0,2021-04-06,2021,4,6,1,2021.04,weekday_14
2021-04-06,72496,1,2021-04-06,23,36.97,88.0,2021-04-06,2021,4,6,1,2021.04,weekday_23
2021-04-07,72505,1,2021-04-07,8,76.94,63.0,2021-04-07,2021,4,7,2,2021.04,weekday_8
2021-04-07,72515,1,2021-04-07,18,299.25,45.0,2021-04-07,2021,4,7,2,2021.04,weekday_18
2021-04-08,72526,1,2021-04-08,5,36.98,89.0,2021-04-08,2021,4,8,3,2021.04,weekday_5
2021-04-08,72538,1,2021-04-08,17,58.98,100.0,2021-04-08,2021,4,8,3,2021.04,weekday_17
2021-04-09,72545,1,2021-04-09,0,40.04,23.0,2021-04-09,2021,4,9,4,2021.04,weekday_0
2021-04-09,72560,1,2021-04-09,15,59.98,116.0,2021-04-09,2021,4,9,4,2021.04,weekday_15
2021-04-10,72571,1,2021-04-10,2,39.97,110.1,2021-04-10,2021,4,10,5,2021.04,weekend_2
2021-04-10,72581,1,2021-04-10,12,39.99,84.0,2021-04-10,2021,4,10,5,2021.04,weekend_12
2021-04-10,72590,1,2021-04-10,21,39.99,52.2,2021-04-10,2021,4,10,5,2021.04,weekend_21
2021-04-11,72601,1,2021-04-11,8,40.05,191.0,2021-04-11,2021,4,11,6,2021.04,weekend_8
2021-04-11,72610,1,2021-04-11,17,40.08,133.0,2021-04-11,2021,4,11,6,2021.04,weekend_17
2021-04-12,72621,1,2021-04-12,4,40.04,59.0,2021-04-12,2021,4,12,0,2021.04,weekday_4
2021-04-12,72631,1,2021-04-12,14,64.99,126.8,2021-04-12,2021,4,12,0,2021.04,weekday_14
2021-04-12,72640,1,2021-04-12,23,39.98,119.1,2021-04-12,2021,4,12,0,2021.04,weekday_23
2021-04-13,72648,1,2021-04-13,7,135.07,104.0,2021-04-13,2021,4,13,1,2021.04,weekday_7
2021-04-13,72655,1,2021-04-13,14,65.0,118.8,2021-04-13,2021,4,13,1,2021.04,weekday_14
2021-04-14,72665,1,2021-04-14,0,42.0,101.0,2021-04-14,2021,4,14,2,2021.04,weekday_0
2021-04-14,72674,1,2021-04-14,9,201.1,83.0,2021-04-14,2021,4,14,2,2021.04,weekday_9
2021-04-14,72684,1,2021-04-14,19,299.33,40.0,2021-04-14,2021,4,14,2,2021.04,weekday_19
2021-04-15,72694,1,2021-04-15,5,40.74,135.4,2021-04-15,2021,4,15,3,2021.04,weekday_5
2021-04-15,72705,1,2021-04-15,16,65.0,101.6,2021-04-15,2021,4,15,3,2021.04,weekday_16
2021-04-16,72715,1,2021-04-16,2,39.99,110.5,2021-04-16,2021,4,16,4,2021.04,weekday_2
2021-04-16,72724,1,2021-04-16,11,64.99,114.4,2021-04-16,2021,4,16,4,2021.04,weekday_11
2021-04-16,72734,1,2021-04-16,21,97.51,85.0,2021-04-16,2021,4,16,4,2021.04,weekday_21
2021-04-17,72746,1,2021-04-17,9,204.01,84.0,2021-04-17,2021,4,17,5,2021.04,weekend_9
2021-04-17,72756,1,2021-04-17,19,299.75,15.0,2021-04-17,2021,4,17,5,2021.04,weekend_19
2021-04-18,72766,1,2021-04-18,5,27.09,193.0,2021-04-18,2021,4,18,6,2021.04,weekend_5
2021-04-18,72776,1,2021-04-18,15,40.02,163.0,2021-04-18,2021,4,18,6,2021.04,weekend_15
2021-04-18,72784,1,2021-04-18,23,40.04,171.2,2021-04-18,2021,4,18,6,2021.04,weekend_23
2021-04-19,72794,1,2021-04-19,9,201.07,85.0,2021-04-19,2021,4,19,0,2021.04,weekday_9
2021-04-19,72804,1,2021-04-19,19,299.1,54.1,2021-04-19,2021,4,19,0,2021.04,weekday_19
2021-04-20,72815,1,2021-04-20,6,45.09,192.0,2021-04-20,2021,4,20,1,2021.04,weekday_6
2021-04-20,72825,1,2021-04-20,16,68.04,101.0,2021-04-20,2021,4,20,1,2021.04,weekday_16
2021-04-21,72835,1,2021-04-21,2,39.98,124.7,2021-04-21,2021,4,21,2,2021.04,weekday_2
2021-04-21,72844,1,2021-04-21,11,68.04,101.0,2021-04-21,2021,4,21,2,2021.04,weekday_11
2021-04-21,72855,1,2021-04-21,22,50.95,124.7,2021-04-21,2021,4,21,2,2021.04,weekday_22
2021-04-22,72866,1,2021-04-22,9,201.03,86.0,2021-04-22,2021,4,22,3,2021.04,weekday_9
2021-04-22,72877,1,2021-04-22,20,266.67,55.0,2021-04-22,2021,4,22,3,2021.04,weekday_20
2021-04-23,72887,1,2021-04-23,6,45.07,137.0,2021-04-23,2021,4,23,4,2021.04,weekday_6
2021-04-23,72898,1,2021-04-23,17,70.03,99.0,2021-04-23,2021,4,23,4,2021.04,weekday_17
2021-04-24,72909,1,2021-04-24,4,34.8,159.0,2021-04-24,2021,4,24,5,2021.04,weekend_4
2021-04-24,72919,1,2021-04-24,14,34.86,134.0,2021-04-24,2021,4,24,5,2021.04,weekend_14
2021-04-24,72928,1,2021-04-24,23,34.84,146.0,2021-04-24,2021,4,24,5,2021.04,weekend_23
2021-04-25,72937,1,2021-04-25,8,34.85,186.0,2021-04-25,2021,4,25,6,2021.04,weekend_8
2021-04-25,72948,1,2021-04-25,19,40.09,57.0,2021-04-25,2021,4,25,6,2021.04,weekend_19
2021-04-26,72958,1,2021-04-26,5,39.98,114.9,2021-04-26,2021,4,26,0,2021.04,weekday_5
2021-04-26,72967,1,2021-04-26,14,70.05,98.0,2021-04-26,2021,4,26,0,2021.04,weekday_14
2021-04-27,72978,1,2021-04-27,1,39.96,99.8,2021-04-27,2021,4,27,1,2021.04,weekday_1
2021-04-27,72988,1,2021-04-27,11,70.02,80.0,2021-04-27,2021,4,27,1,2021.04,weekday_11
2021-04-27,72998,1,2021-04-27,21,89.02,79.0,2021-04-27,2021,4,27,1,2021.04,weekday_21
2021-04-28,73004,1,2021-04-28,3,39.9,145.1,2021-04-28,2021,4,28,2,2021.04,weekday_3
2021-04-28,73017,1,2021-04-28,16,70.01,69.0,2021-04-28,2021,4,28,2,2021.04,weekday_16
2021-04-29,73029,1,2021-04-29,4,39.97,126.1,2021-04-29,2021,4,29,3,2021.04,weekday_4
2021-04-29,73037,1,2021-04-29,12,68.06,71.0,2021-04-29,2021,4,29,3,2021.04,weekday_12
2021-04-30,73049,1,2021-04-30,0,44.04,59.6,2021-04-30,2021,4,30,4,2021.04,weekday_0
2021-04-30,73057,1,2021-04-30,8,190.0,72.0,2021-04-30,2021,4,30,4,2021.04,weekday_8
2021-04-30,73066,1,2021-04-30,17,67.97,114.2,2021-04-30,2021,4,30,4,2021.04,weekday_17
